$ 1 0.000005 35.60246606707791 56 5 43 5e-11
R 128 112 64 112 0 0 40 5 0 0 0.5
w 144 112 176 112 0
w 144 112 128 112 0
w 176 112 224 112 0
w 224 112 288 112 0
w 144 112 144 128 0
w 224 112 224 128 0
w 288 112 288 128 0
w 288 112 368 112 0
w 368 112 368 128 0
r 144 128 144 208 0 1000
r 224 128 224 208 0 10000
r 288 128 288 208 0 10000
r 368 128 368 208 0 1000
w 144 208 144 224 0
w 224 208 224 224 0
w 288 208 288 224 0
w 368 208 368 224 0
c 144 224 224 224 0 0.0000050999999999999995 1.4341559503640333 0.001
c 288 224 368 224 0 0.000005299999999999999 -4.222981283011964 0.001
w 144 224 144 272 0
t 224 288 144 288 0 1 0.5777675407033287 0.6442760216197442 100 default
w 144 304 144 336 0
w 224 288 288 224 0
w 224 224 288 288 0
g 144 336 144 368 0 0
t 288 288 368 288 0 1 -6.234904774079325 -1.3676474694476177 100 default
w 368 224 368 272 0
w 368 304 368 320 0
g 368 320 368 368 0 0
403 464 272 592 336 0 19_64_0_4099_5_0.0125_0_2_19_3
403 464 208 592 272 0 18_64_0_4099_5_0.0125_0_2_18_3
o 21 64 6 4106 5 0.1 0 3 19 0 19 3
o 26 64 6 4106 5 0.1 1 1
o 19 64 0 4106 5 0.025 2 2 19 3
o 18 64 0 4107 5 0.025 3 2 18 3
