$ 1 0.000005 2.008553692318767 50 5 43 5e-11
w 144 80 144 112 0
w 144 112 144 272 0
w 144 272 144 304 0
w 144 304 160 304 0
w 144 272 160 272 0
w 144 304 144 320 0
w 144 112 160 112 0
w 144 80 160 80 0
d 160 80 272 80 2 default
d 160 304 272 304 2 default
r 272 112 160 112 0 10000
r 272 272 160 272 0 10000
w 272 80 288 80 0
w 272 112 288 112 0
w 288 80 288 112 0
w 288 80 304 80 0
w 288 112 304 112 0
w 288 112 288 160 0
w 272 272 288 272 0
w 272 304 288 304 0
w 288 272 288 304 0
w 288 272 288 208 0
w 288 272 304 272 0
w 288 304 304 304 0
g 144 320 144 336 0 0
151 304 96 416 96 0 2 0 5
151 304 288 416 288 0 2 5 5
w 416 96 416 112 0
w 416 288 416 272 0
w 416 288 464 288 0
w 416 96 464 96 0
c 416 112 416 160 0 0.0000022 -0.4835770968324394 0.001
c 416 272 416 208 0 0.00000221 1.9157595725550611 0.001
w 288 160 416 208 0
w 288 208 416 160 0
M 464 96 512 96 2 2.5
M 464 288 512 288 2 2.5
403 480 112 624 192 0 31_64_0_4098_5_1.6_0_2_31_3
403 480 192 624 272 0 32_64_0_4106_5_1.6_0_2_32_3
403 160 192 288 256 0 11_64_0_4099_10_0.00078125_0_2_11_3
403 0 80 128 144 0 10_64_0_4099_10_0.00078125_0_2_10_3
o 32 128 0 4098 5 0.00078125 0 2 32 3
o 31 128 0 4106 5 0.00078125 1 2 31 3
