$ 1 0.000005 10.20027730826997 50 5 43 5e-11
w 112 112 240 112 0
w 240 144 192 144 0
151 240 128 368 128 0 2 5 5
w 368 128 400 128 0
w 400 128 400 144 0
w 192 144 192 208 0
c 400 144 400 208 0 0.000001 4.6426809753116025 0.001
151 240 288 352 288 0 2 5 5
w 352 288 400 288 0
w 400 288 400 272 0
w 400 272 400 256 0
w 192 208 400 256 0
w 400 208 192 256 0
w 192 256 192 272 0
w 240 272 192 272 0
w 240 304 192 304 0
w 192 272 192 304 0
w 192 272 176 272 0
w 192 304 176 304 0
r 176 272 96 272 0 560
d 96 304 176 304 2 default
w 96 272 80 272 0
w 96 304 80 304 0
w 80 272 80 304 0
w 80 304 80 336 0
g 80 336 80 368 0 0
403 448 144 576 208 0 6_64_0_4099_5_3.2_0_2_6_3
403 16 192 144 256 0 19_64_0_4099_10_0.025_0_2_19_3
403 128 336 256 400 0 20_64_0_4099_10_3.2_0_2_20_3
R 112 112 48 112 1 2 100 2.5 2.5 0 0.5
