$ 1 0.000005 1.1208435524800693 29 5 43 5e-11
w 160 96 32 96 0
w 224 96 400 96 0
w 400 96 400 176 0
w 400 176 400 208 0
w 32 96 32 112 0
w 32 128 32 144 0
w 32 112 32 128 0
w 32 144 48 144 0
w 32 144 32 192 0
w 32 192 32 224 0
w 32 192 48 192 0
c 48 144 224 144 0 0.0000022 0.9828660419139419 0.001
r 160 96 224 96 0 390
151 48 208 144 208 0 2 5 5
w 32 224 48 224 0
w 144 208 144 176 0
w 144 176 160 176 0
w 160 176 192 176 0
w 160 176 160 208 0
w 160 208 192 208 0
151 192 192 288 192 0 2 0 5
151 320 176 400 176 0 2 5 5
w 224 144 288 144 0
w 288 192 288 208 0
w 288 208 288 240 0
w 288 144 288 160 0
w 320 192 304 192 0
w 320 160 304 160 0
w 304 192 304 160 0
w 288 160 304 160 0
w 288 176 288 160 0
w 288 176 288 192 0
w 160 208 160 240 0
w 400 208 400 240 0
M 160 240 160 288 2 2.5
M 288 240 288 288 2 2.5
M 400 240 400 288 2 2.5
403 448 96 784 272 0 11_1_0_4106_5_0.05_0_2_11_3
403 448 272 784 400 0 12_2_0_4098_10_0.025_0_2_12_3
403 0 304 128 384 0 34_8_0_4098_5_0.1_0_1
403 144 304 288 384 0 35_8_0_4098_5_0.1_0_1
403 304 304 448 384 0 36_8_0_4098_5_0.1_0_1
