$ 1 0.000005 0.41233529972698213 46 5 43 5e-11
f -80 96 128 96 33 1.5 0.02
172 128 80 128 0 0 7 5 5 2 0 0.5 Voltage
w 128 320 128 352 0
p 176 240 176 352 1 0 0
w 128 112 128 176 0
w 128 240 176 240 0
w 128 208 128 240 0
w -16 288 -16 240 0
g -16 352 -16 400 0 0
w -16 320 -16 352 0
w 128 352 176 352 0
w -16 352 128 352 0
w -128 352 -16 352 0
w 48 192 48 304 0
w -128 192 48 192 0
w -80 96 -80 304 0
p -128 192 -128 352 1 0 0
w -208 352 -128 352 0
w -208 96 -80 96 0
p -208 96 -208 352 1 0 0
L -208 96 -288 96 2 0 false 5 0
L -128 192 -288 192 2 0 false 5 0
f 48 304 128 304 32 1.5 0.02
f -80 304 -16 304 32 1.5 0.02
f 48 192 128 192 33 1.5 0.02
w 128 240 0 240 0
w 0 240 -16 240 0
M 176 240 272 240 2 2.5
w 128 240 128 288 0
o 27 64 0 4098 5 0.1 0 1
