$ 1 0.000005 2.3728258192205156 57 5 43
R -240 -48 -336 -48 0 0 40 5 0 0 0.5
w -240 -48 -128 -48 0
w -128 -48 -128 0 0
r -128 0 -128 112 0 5000
w -128 112 -128 160 0
w -128 160 -64 160 0
w -64 160 32 160 0
f -32 16 64 16 33 1.5 0.02
f -32 64 64 64 33 1.5 0.02
w -128 160 -128 192 0
w -128 224 -128 272 0
w -224 208 -320 208 0
w -224 288 -352 288 0
w -320 208 -400 208 0
w -400 208 -400 256 0
v -352 352 -352 288 0 0 40 3 0 0 0.5
v -400 352 -400 256 0 0 40 1.6 0 0 0.5
w -400 352 -400 400 0
w -400 400 -352 400 0
w -352 352 -352 400 0
w -224 400 -128 400 0
w -128 400 -80 400 0
g -128 400 -128 432 0
p -64 160 -64 400 1 0
p -224 288 -224 400 1 0
w -352 400 -320 400 0
w -128 304 -128 400 0
w -80 400 -64 400 0
p -320 208 -320 400 1 0
w -320 400 -224 400 0
f -224 208 -128 208 32 1.5 0.02
f -224 288 -128 288 32 1.5 0.02
38 16 0 0 2 Voltage
