$ 1 0.000005 11.086722712598126 12 5 43 5e-11
w 32 80 144 80 0
w 32 80 32 96 0
w 144 80 144 96 0
r 32 240 32 96 0 4700
r 144 96 144 176 0 1000
t 32 240 32 304 0 1 0.5925667282307865 0.610494980131906 100 default
w 16 304 -32 304 0
w 48 304 96 304 0
t 96 304 128 304 0 1 -4.862071717438827 0.1379282519011195 100 default
w 144 176 144 288 0
w 128 288 144 288 0
w 208 176 144 176 0
w 128 320 128 368 0
w 208 368 128 368 0
w 128 368 128 384 0
w 128 368 -32 368 0
w -96 304 -32 304 0
g 128 384 128 400 0 0
p -32 304 -32 368 1 0 0
p 208 368 208 176 1 0 0
w 144 80 288 80 0
w 208 368 288 368 0
w 288 368 288 240 0
w 288 80 288 176 0
w -32 368 -96 368 0
v -96 368 -96 304 0 0 40 0.12 0 0 0.5
v 288 240 288 176 0 0 40 5 0 0 0.5
38 25 0 0 3 Voltage
