$ 1 0.000005 11.086722712598126 12 5 43
L -208 80 -240 80 2 1 false 5 0
L -144 144 -240 144 2 1 false 5 0
p -208 80 -208 256 1 0
p -144 144 -144 256 1 0
w -208 256 -144 256 0
w -144 256 -16 256 0
w -208 80 -96 80 0
w -144 144 48 144 0
w 48 144 80 144 0
w -96 80 80 80 0
f -192 496 -192 576 33 1.5 0.02
f 16 496 16 576 32 1.5 0.02
j 320 368 320 448 32 -4 0.00125
j 336 480 336 560 33 -4 0.00125
177 -192 368 -176 448 1 0 0 0.01 0.0082 50
203 192 496 192 592 0 500 100000000 30 0.01
400 192 368 192 448 1 0\s1\s0\s0\s100 0\s1\s0\s0\s100 1
175 16 368 16 464 0
w 144 128 144 96 0
w -96 80 -96 208 0
w -96 208 -80 208 0
w -16 224 -16 256 0
w -16 192 -16 176 0
w -16 176 144 176 0
w 144 160 144 176 0
w 48 144 48 208 0
w 48 208 80 208 0
g -16 256 -16 288 0
w -16 256 64 256 0
w 64 256 144 256 0
w 144 224 144 256 0
w 144 192 144 176 0
w 144 256 192 256 0
w 144 176 192 176 0
w 144 64 144 16 0
R 144 16 144 -16 0 0 40 5 0 0 0.5
p 192 176 192 256 1 0
w 192 176 224 176 0
M 224 176 288 176 2 2.5
f 80 208 144 208 32 1.5 0.02
f -80 208 -16 208 32 1.5 0.02
f 80 144 144 144 33 1.5 0.02
f 80 80 144 80 33 1.5 0.02
