$ 1 0.000005 10.20027730826997 50 5 43 5e-11
153 240 336 368 336 0 2 0 5
153 256 176 368 176 0 2 0 5
s 64 256 128 224 0 0 false
s 64 288 128 320 0 0 false
w 176 320 128 320 0
w 176 352 176 320 0
M 480 336 560 336 2 2.5
M 480 176 560 176 2 2.5
w 368 336 480 336 0
w 368 336 368 304 0
w 224 320 240 320 0
w 224 304 224 320 0
w 176 352 240 352 0
w 368 176 480 176 0
w 224 272 224 304 0
w 368 224 224 272 0
w 368 176 368 224 0
w 368 272 368 304 0
w 224 224 368 272 0
w 224 192 224 224 0
w 256 192 224 192 0
w 176 160 256 160 0
w 176 160 176 224 0
w 128 224 176 224 0
g -32 352 -32 384 0 0
r 16 352 176 352 0 1000
r 80 160 176 160 0 1000
w 0 288 64 288 0
w 0 256 0 288 0
w 0 192 0 256 0
w -32 160 80 160 0
w -32 256 -32 160 0
w 0 256 64 256 0
w -32 256 -32 320 0
w -32 352 16 352 0
w -32 320 -32 352 0
w -64 352 -32 352 0
w -64 192 0 192 0
v -64 352 -64 192 0 0 40 5 0 0 0.5
