$ 1 0.000005 10.20027730826997 50 5 43 5e-11
L -64 128 -96 128 2 1 false 5 0
w -64 128 64 128 0
151 64 144 192 144 0 3 5 5
w 64 144 32 144 0
w 32 144 32 64 0
w 32 64 512 64 0
w 192 144 240 144 0
w 64 160 -16 160 0
151 240 160 336 160 0 2 5 5
151 240 272 336 272 0 2 0 5
w 336 160 352 160 0
w 336 272 352 272 0
w 352 272 352 240 0
w 352 160 352 192 0
w 240 256 224 256 0
w 224 256 224 240 0
w 224 240 352 192 0
w 240 176 224 176 0
w 224 176 224 192 0
w 224 192 352 240 0
w 352 160 352 112 0
w 352 112 432 112 0
w 352 272 352 320 0
w 240 288 192 288 0
w -16 160 -16 240 0
151 80 288 192 288 0 3 5 5
w 80 272 -16 272 0
w -16 240 -16 272 0
w 80 288 48 288 0
w 48 288 48 400 0
w 80 304 -48 304 0
w -16 272 -16 368 0
w -16 368 0 368 0
w -16 368 -48 368 0
L -48 304 -96 304 2 1 false 5 0
L -48 368 -96 368 2 0 false 5 0
w 0 368 112 368 0
I 112 368 240 368 0 0.5 5
w 352 320 432 320 0
w 240 368 400 368 0
w 400 368 400 288 0
151 432 304 512 304 0 2 5 5
w 432 288 400 288 0
w 400 288 400 144 0
w 48 400 560 400 0
w 512 304 544 304 0
w 544 304 592 304 0
w 560 400 560 272 0
w 560 272 592 272 0
w 400 144 432 144 0
151 432 128 512 128 0 2 0 5
w 512 128 560 128 0
w 512 64 528 64 0
w 528 64 528 160 0
w 528 160 560 160 0
151 560 144 656 144 0 2 5 5
151 592 288 672 288 0 2 0 5
w 560 272 560 256 0
w 528 160 528 176 0
w 528 176 688 224 0
w 672 288 688 288 0
w 688 224 688 288 0
w 688 288 768 288 0
w 560 256 688 192 0
w 688 192 688 144 0
w 656 144 688 144 0
w 688 144 768 144 0
M 768 144 816 144 2 2.5
M 768 288 816 288 2 2.5
