$ 1 0.000005 10.20027730826997 50 5 43 5e-11
L 32 112 -16 112 2 1 false 5 0
w 32 112 32 176 0
w 32 112 96 112 0
151 96 128 208 128 0 2 0 5
151 208 144 304 144 0 2 5 5
w 96 144 96 304 0
w 32 224 32 272 0
w 32 272 128 272 0
w 96 304 128 304 0
w 96 304 96 352 0
w 96 352 32 352 0
w 96 352 208 352 0
151 128 288 208 288 0 2 5 5
151 208 272 304 272 0 2 0 5
I 32 176 32 224 0 0.5 5
I 208 352 304 352 0 0.5 5
w 208 160 208 192 0
w 208 256 208 224 0
w 304 272 336 272 0
w 336 272 336 224 0
w 208 192 336 224 0
w 336 272 336 304 0
w 304 144 336 144 0
w 336 144 336 192 0
w 208 224 336 192 0
w 336 144 336 96 0
w 336 96 416 96 0
w 336 304 432 304 0
w 304 352 400 352 0
w 400 352 400 272 0
w 400 272 432 272 0
w 400 272 400 128 0
w 400 128 416 128 0
L 32 352 -16 352 2 1 false 5 0
151 416 112 528 112 0 2 5 5
151 432 288 528 288 0 2 5 5
151 528 128 656 128 0 2 5 5
151 528 272 656 272 0 2 0 5
w 528 144 528 192 0
w 528 256 528 224 0
w 656 272 656 240 0
w 656 128 656 192 0
w 528 224 656 192 0
w 656 240 656 224 0
w 528 192 656 224 0
w 656 272 704 272 0
w 656 128 704 128 0
M 704 128 752 128 2 2.5
M 704 272 752 272 2 2.5
