$ 1 0.000005 10.20027730826997 50 5 43 5e-11
L -16 160 -80 160 2 0 false 5 0
w -16 160 -16 112 0
w -16 112 48 112 0
w 48 112 128 112 0
w 80 144 128 144 0
151 128 128 192 128 0 2 5 5
151 192 144 304 144 0 2 5 5
151 192 256 304 256 0 2 0 5
151 96 272 192 272 0 2 5 5
w 48 112 48 256 0
w 96 256 48 256 0
w 80 144 80 288 0
w 96 288 80 288 0
w -16 160 -16 352 0
w 80 288 80 336 0
w -16 352 80 352 0
w 80 336 80 352 0
w 192 160 192 176 0
w 192 240 192 224 0
w 304 144 304 176 0
w 304 256 304 224 0
w 304 144 304 96 0
w 192 224 304 176 0
w 192 176 304 224 0
w 304 256 304 288 0
w 304 288 400 288 0
w 80 352 144 352 0
w 208 352 352 352 0
w 352 352 352 256 0
w 352 256 400 256 0
w 352 256 352 128 0
w 304 96 400 96 0
w 352 128 400 128 0
I 144 352 208 352 0 0.5 5
151 400 112 496 112 0 2 0 5
151 400 272 496 272 0 2 5 5
151 496 128 608 128 0 2 5 5
151 496 256 608 256 0 2 0 5
w 496 144 496 176 0
w 496 240 496 208 0
w 608 128 608 176 0
w 496 208 608 176 0
w 608 256 608 208 0
w 496 176 608 208 0
w 608 256 672 256 0
w 608 128 656 128 0
M 656 128 736 128 2 2.5
M 672 256 736 256 2 2.5
