$ 1 0.000005 10.20027730826997 50 5 43 5e-11
L 144 112 144 80 2 1 false 5 0
L 192 112 192 80 2 0 false 5 0
L 240 112 240 80 2 0 false 5 0
L 288 112 288 80 2 1 false 5 0
I 144 112 144 224 0 0.5 5
I 192 112 192 224 0 0.5 5
I 240 112 240 224 0 0.5 5
I 288 112 288 224 0 0.5 5
w 192 112 208 112 0
w 208 112 208 224 0
w 240 112 256 112 0
w 256 112 256 224 0
w 288 112 304 112 0
w 304 112 304 144 0
w 304 160 304 224 0
w 304 144 304 160 0
w 208 224 208 240 0
w 208 240 480 240 0
w 208 240 -16 240 0
w 256 224 256 256 0
w 256 256 0 256 0
w 256 256 464 256 0
w 304 224 304 272 0
w 304 272 448 272 0
w 144 224 144 288 0
w 192 224 192 304 0
w 144 288 32 288 0
w 240 224 240 320 0
w 240 320 400 320 0
w 288 224 288 336 0
w 288 336 384 336 0
151 -256 416 -256 496 0 4 5 5
151 -128 416 -128 496 0 3 5 5
151 -16 416 -16 496 0 2 5 5
151 128 416 128 496 0 4 5 5
151 464 416 464 496 0 3 0 5
151 560 416 560 496 0 3 5 5
151 640 416 640 496 0 3 5 5
151 720 416 720 496 0 3 5 5
151 816 416 816 496 0 3 5 5
w -128 416 -128 256 0
w 0 256 -128 256 0
w -16 240 -144 240 0
w -144 416 -144 240 0
w -112 416 -112 272 0
w 0 416 0 256 0
w 16 272 -112 272 0
w 32 288 -272 288 0
w -32 304 -256 304 0
w -272 288 -288 288 0
w -288 416 -288 288 0
w -272 416 -272 304 0
w -240 416 -240 320 0
w -224 416 -224 336 0
w -256 304 -272 304 0
w -256 496 -256 512 0
w -128 496 -128 512 0
w -16 496 -16 512 0
w 128 496 128 512 0
w 240 496 240 512 0
w 240 512 304 512 0
w 304 512 304 416 0
w 464 496 464 512 0
w 816 496 816 512 0
w 720 496 720 512 0
w 640 496 640 512 0
w 560 496 560 512 0
w 64 320 -240 320 0
w 48 336 -224 336 0
w 64 336 48 336 0
w -32 416 -32 304 0
w 96 416 96 320 0
w 112 416 112 304 0
w 64 320 96 320 0
w 160 416 160 272 0
w 144 416 144 288 0
w 192 304 112 304 0
w 112 304 -32 304 0
w 304 272 160 272 0
w 16 272 160 272 0
w 224 416 224 320 0
w 256 416 256 304 0
w 240 320 224 320 0
w 224 320 96 320 0
w 192 304 256 304 0
w 256 304 416 304 0
w 416 304 448 304 0
w 448 416 448 304 0
w 464 416 464 320 0
w 400 320 464 320 0
w 144 288 384 288 0
w 384 288 384 400 0
w 384 336 416 336 0
152 368 416 368 512 0 2 5 5
w 304 416 352 416 0
w 384 400 384 416 0
150 240 416 240 496 0 2 5 5
w 480 416 480 272 0
w 464 272 480 272 0
w 448 272 464 272 0
w 720 416 720 272 0
w 480 272 720 272 0
w 736 416 736 240 0
w 832 416 832 240 0
w 656 400 656 240 0
w 416 336 528 336 0
w 528 336 544 336 0
w 544 336 544 416 0
w 544 336 624 336 0
w 624 336 624 416 0
w 624 336 800 336 0
w 800 336 800 416 0
w 480 240 656 240 0
w 832 240 736 240 0
w 736 240 656 240 0
w 816 400 816 256 0
w 816 400 816 416 0
w 704 416 704 320 0
w 656 400 656 416 0
w 640 416 640 320 0
w 560 416 560 256 0
w 480 256 560 256 0
w 464 256 480 256 0
w 560 256 816 256 0
w 448 304 576 304 0
w 576 304 576 416 0
w 464 320 640 320 0
w 640 320 704 320 0
150 688 624 688 720 0 4 5 5
150 -80 624 -80 720 0 4 5 5
150 32 624 32 720 0 4 5 5
150 160 624 160 720 0 3 0 5
150 272 624 272 720 0 4 0 5
150 416 624 416 720 0 2 5 5
150 560 624 560 720 0 3 5 5
w -256 512 -256 608 0
w -112 624 -256 624 0
w -256 608 -256 624 0
w -96 624 -96 608 0
w -96 592 -96 544 0
w -96 592 -96 608 0
w -96 544 -128 544 0
w -128 512 -128 544 0
w -64 624 -64 560 0
w -48 624 -48 576 0
w -16 512 0 512 0
w 0 512 0 624 0
w 16 624 16 544 0
w 48 624 48 560 0
w 64 624 64 576 0
w -96 544 16 544 0
w 16 544 48 544 0
w 192 336 192 480 0
w 192 480 192 528 0
w 192 528 144 528 0
w 144 624 144 528 0
w 176 624 176 560 0
w -48 560 48 560 0
w -48 560 -64 560 0
w -32 576 64 576 0
w -32 576 -48 576 0
w 48 560 176 560 0
w 64 576 112 576 0
w 128 512 128 576 0
w 112 576 128 576 0
w 368 512 368 560 0
w 256 624 256 544 0
w 48 544 256 544 0
w 160 624 160 608 0
w 160 608 208 608 0
w 240 624 240 560 0
w 288 624 288 608 0
w 304 624 304 608 0
w 304 608 304 592 0
w 368 560 240 560 0
w 240 560 176 560 0
w 688 720 688 752 0
w 688 752 768 752 0
w 560 720 560 736 0
w 560 736 560 784 0
w 560 784 768 784 0
w 576 624 576 528 0
w 816 512 816 528 0
w 720 512 720 544 0
w 720 544 560 544 0
w 560 624 560 544 0
w 544 624 544 608 0
w 544 608 544 560 0
w 544 560 656 560 0
w 656 560 672 560 0
w 672 592 672 624 0
w 672 560 672 592 0
w 656 592 656 624 0
w 656 576 656 592 0
w 704 624 704 528 0
w 704 528 816 528 0
w 576 528 704 528 0
w 560 512 560 528 0
w 560 528 496 528 0
w 432 624 432 608 0
w 432 608 432 528 0
w 496 528 432 528 0
w 656 576 416 576 0
w 400 576 176 576 0
w 144 576 128 576 0
w 160 576 144 576 0
w 160 576 176 576 0
w 400 576 416 576 0
w 400 624 400 560 0
w 368 560 400 560 0
w 544 560 400 560 0
w 208 608 288 608 0
w 288 608 464 608 0
w 304 592 464 592 0
w 720 624 720 608 0
w 640 512 640 608 0
w 640 608 720 608 0
w 464 608 592 608 0
w 640 608 592 608 0
w 464 512 464 592 0
157 768 752 848 752 0 7 0 0
w 768 816 688 816 0
w 672 816 416 816 0
w 672 816 688 816 0
w 768 848 720 848 0
w 432 848 384 848 0
w 384 848 272 848 0
w 272 720 272 848 0
w 416 720 416 816 0
w 432 848 720 848 0
w 832 880 160 880 0
w 160 880 160 720 0
w 864 880 864 896 0
w 896 880 896 912 0
w 896 912 -80 912 0
w -80 912 -80 720 0
w 864 896 32 896 0
w 32 720 32 880 0
w 32 880 32 896 0
w 288 336 192 336 0
w 64 336 192 336 0
