$ 1 0.000005 10.20027730826997 50 5 43 5e-11
L -320 80 -384 80 2 0 false 5 0
L -320 128 -384 128 2 0 false 5 0
L -320 208 -384 208 2 0 false 5 0
w -320 80 -320 -16 0
w -320 80 -288 80 0
w -320 128 -320 176 0
w -320 176 -192 176 0
w -320 128 -288 128 0
w -320 208 -320 368 0
w -320 208 -288 208 0
I -288 80 -192 80 0 0.5 5
I -288 128 -192 128 0 0.5 5
I -288 208 -192 208 0 0.5 5
w -320 -16 -192 -16 0
w -192 80 -16 80 0
w -16 80 -16 160 0
w -16 80 0 80 0
w -16 160 0 160 0
150 0 96 112 96 0 2 5 5
150 0 176 112 176 0 2 5 5
150 0 256 112 256 0 2 0 5
150 0 352 112 352 0 2 0 5
150 0 432 112 432 0 2 0 5
150 0 512 112 512 0 2 0 5
150 0 592 112 592 0 2 0 5
150 0 672 112 672 0 2 0 5
150 336 128 432 128 0 2 5 5
150 336 208 432 208 0 2 0 5
150 336 304 432 304 0 2 0 5
150 336 384 432 384 0 2 0 5
150 336 480 432 480 0 2 0 5
150 336 544 432 544 0 2 0 5
150 336 608 432 608 0 2 0 5
150 336 672 432 672 0 2 0 5
w 0 240 -16 240 0
w -16 160 -16 240 0
w 0 336 -16 336 0
w -16 240 -16 336 0
w 0 112 -96 112 0
w 0 192 -80 192 0
w -192 128 -96 128 0
w -96 112 -96 128 0
w -80 192 -96 192 0
w -96 128 -96 192 0
w 0 528 -80 528 0
w -96 192 -96 448 0
w -96 448 -96 528 0
w -80 528 -96 528 0
w 0 448 -96 448 0
w 0 272 -48 272 0
w 0 368 -48 368 0
w -48 272 -48 368 0
w 0 608 -48 608 0
w 0 688 -48 688 0
w -48 368 -48 608 0
w -48 608 -48 688 0
w -192 176 -112 176 0
w -112 176 -112 688 0
w -48 688 -112 688 0
w -192 208 -192 784 0
w -320 368 -320 816 0
w -320 816 128 816 0
w -192 784 128 784 0
w 0 656 -144 656 0
w 0 576 -144 576 0
w 0 496 -144 496 0
w 0 416 -144 416 0
w -144 656 -144 576 0
w -144 576 -144 496 0
w -144 496 -144 416 0
w -144 416 -144 -16 0
w -192 -16 -144 -16 0
w 112 96 336 96 0
w 336 96 336 112 0
w 112 176 336 176 0
w 336 176 336 192 0
w 112 256 336 256 0
w 336 256 336 288 0
w 128 352 336 352 0
w 336 352 336 368 0
w 112 352 128 352 0
w 112 432 336 432 0
w 336 432 336 464 0
w 112 512 336 512 0
w 336 512 336 528 0
w 112 592 336 592 0
w 112 672 336 672 0
w 336 672 336 656 0
w 336 144 160 144 0
w 336 320 160 320 0
w 336 496 160 496 0
w 336 624 160 624 0
w 128 784 144 784 0
w 144 784 160 784 0
w 160 784 160 624 0
w 160 624 160 496 0
w 160 496 160 320 0
w 160 320 160 144 0
w 128 816 288 816 0
w 336 688 288 688 0
w 336 560 288 560 0
w 336 400 288 400 0
w 336 224 288 224 0
w 288 816 288 688 0
w 288 688 288 560 0
w 288 560 288 400 0
w 288 400 288 224 0
w 432 128 512 128 0
w 432 208 512 208 0
w 432 304 512 304 0
w 432 384 512 384 0
w 432 480 512 480 0
w 432 544 512 544 0
w 432 608 512 608 0
w 432 672 512 672 0
