$ 3 0.0012 3.9121283998153213 50 5 50 5e-11
154 176 24 312 24 0 2 0 5
154 312 32 408 32 1 2 0 5
154 408 40 496 40 1 2 0 5
154 496 48 576 48 1 2 0 5
154 176 136 304 136 0 2 0 5
154 304 152 400 152 0 2 0 5
154 400 168 480 168 0 2 0 5
154 176 320 288 320 1 2 0 5
154 288 328 368 328 1 2 0 5
154 368 336 480 336 1 2 0 5
154 192 480 256 480 1 2 0 5
L -72 8 -168 8 2 0 false 5 0
L -72 48 -168 48 2 0 false 5 0
L -72 88 -168 88 2 0 false 5 0
L -72 128 -168 128 2 0 false 5 0
L -72 168 -168 168 2 0 false 5 0
L -72 208 -168 208 2 0 false 5 0
L -72 248 -168 248 2 0 false 5 0
L -80 288 -168 288 2 0 false 5 0
L -88 328 -168 328 2 0 false 5 0
L -88 368 -168 368 2 0 false 5 0
w -72 48 -48 48 0
w -48 48 -48 488 0
w 192 488 -48 488 0
w 192 472 -32 472 0
w -32 472 -32 8 0
w 176 8 -32 8 0
w -72 8 -32 8 0
w 176 120 160 120 0
w 160 120 160 312 0
w 176 312 160 312 0
w 160 120 160 88 0
w 160 88 -64 88 0
w -72 88 -64 88 0
w 312 40 312 88 0
w 160 88 312 88 0
w 176 152 128 152 0
w 128 152 128 128 0
w -72 128 128 128 0
w 176 328 128 328 0
w 128 152 128 328 0
w -72 168 56 168 0
w 176 40 56 40 0
w 56 168 56 40 0
w 288 336 56 336 0
w 56 168 56 336 0
w 368 344 32 344 0
w -72 208 32 208 0
w 32 208 32 344 0
w 408 48 0 48 0
w -88 328 -8 328 0
w -8 328 -8 48 0
w 0 48 -8 48 0
w 400 184 96 184 0
w -80 288 96 288 0
w 96 184 96 288 0
w 496 56 80 56 0
w 304 168 80 168 0
w 80 168 80 56 0
w -72 248 72 248 0
w 80 168 80 248 0
w 72 248 80 248 0
w 480 168 576 168 0
w 480 336 576 336 0
w 256 480 576 480 0
w 576 480 576 360 0
w 576 336 576 192 0
w 576 48 576 136 0
w 576 136 632 136 0
w 576 168 632 168 0
w 576 192 632 192 0
w 576 360 592 360 0
w 592 232 632 232 0
w 592 232 592 360 0
