$ 1 0.000005 10.20027730826997 50 5 43 5e-11
R -96 80 -192 80 0 2 390.61 5 0 0 0.5
188 -96 80 -32 80 0 15 false
w -96 80 -96 464 0
w 432 384 416 384 0
w 416 384 416 448 0
w -96 560 416 560 0
w 416 448 416 464 0
164 0 160 80 160 0 10 0 0 0 0 0 0 0 5 5 0 true 0
w 0 112 0 160 0
w -96 464 -96 560 0
w 416 464 416 560 0
w 0 448 0 512 0
w 0 512 96 512 0
w 784 352 912 352 0
w 720 288 720 272 0
w 688 288 688 256 0
w 656 288 656 240 0
w 624 288 624 224 0
w 592 288 592 208 0
w 560 240 560 192 0
w 560 288 560 240 0
w 528 288 528 176 0
w 496 288 496 160 0
w 0 112 320 112 0
w 496 160 352 160 0
w 144 160 144 208 0
w 96 224 144 224 0
w 144 208 144 224 0
w 720 272 320 272 0
w 688 256 304 256 0
w 528 176 160 176 0
w 560 192 192 192 0
w 592 208 224 208 0
w 624 224 256 224 0
w 656 240 272 240 0
w 160 176 160 256 0
w 96 256 160 256 0
w 96 288 160 288 0
w 96 320 160 320 0
w 96 352 160 352 0
w 96 384 160 384 0
w 96 416 160 416 0
w 96 448 128 448 0
w 144 448 160 448 0
w 128 448 144 448 0
w 192 208 192 288 0
w 160 288 192 288 0
w 192 192 192 208 0
w 224 208 224 320 0
w 160 320 224 320 0
w 256 224 256 352 0
w 160 352 256 352 0
w 272 240 272 384 0
w 160 384 272 384 0
w 304 256 304 416 0
w 160 416 304 416 0
w 320 272 320 448 0
w 160 448 320 448 0
w 720 272 912 272 0
w 688 256 912 256 0
w 656 240 912 240 0
w 624 224 912 224 0
w 592 208 912 208 0
w 560 192 912 192 0
w 528 176 912 176 0
w 496 160 912 160 0
w 256 512 352 512 0
w 352 512 352 336 0
w 416 288 416 304 0
w 352 304 352 336 0
w 416 304 400 304 0
w 352 304 368 304 0
w 432 352 384 352 0
w 384 352 384 336 0
w 416 288 416 144 0
w 320 112 352 112 0
w 352 112 416 112 0
w 416 112 416 144 0
I 256 512 96 512 0 0.5 5
S 384 336 384 304 0 1 false 0 2
w 352 304 352 160 0
w 352 160 144 160 0
w 912 160 912 112 0
w 912 320 1104 320 0
w 912 272 1088 272 0
w 912 528 1104 528 0
w 912 256 1024 256 0
w 912 112 912 48 0
w 912 176 928 176 0
w 928 176 928 112 0
w 912 192 944 192 0
w 944 192 944 112 0
w 928 112 928 48 0
w 912 48 912 -16 0
w 912 208 960 208 0
w 960 208 960 112 0
w 944 112 944 48 0
w 928 48 928 -16 0
w 912 -16 912 -64 0
w 912 224 976 224 0
w 912 240 992 240 0
w 992 240 992 112 0
w 992 112 1088 112 0
w 976 224 976 16 0
w 976 16 1088 16 0
w 960 112 960 -80 0
w 960 -80 1088 -80 0
w 944 48 944 -176 0
w 944 -176 1072 -176 0
w 928 -16 928 -272 0
w 928 -272 1088 -272 0
w 912 -64 912 -384 0
w 912 -384 1088 -384 0
w 416 288 912 288 0
w 912 288 912 320 0
403 1136 -416 2096 -336 0 112_64_0_4099_0.0000762939453125_0.00009765625_0_2_112_3
403 1136 -304 2096 -240 0 110_64_0_4099_0.0000762939453125_0.00009765625_0_2_110_3
403 1136 -208 2096 -128 0 108_64_0_4099_0.0000762939453125_0.00009765625_0_2_108_3
w 1024 256 1024 192 0
w 1024 192 1088 192 0
403 1136 -112 2096 -32 0 106_64_0_4099_0.0000762939453125_0.00009765625_0_2_106_3
403 1136 -16 2096 80 0 104_64_0_4099_0.0000762939453125_0.00009765625_0_2_104_3
403 1136 464 2096 624 0 85_64_0_4099_5_0.00009765625_0_2_85_3
403 1136 320 2096 432 0 83_64_0_4099_5_0.00009765625_0_2_83_3
403 1136 240 2096 320 0 84_64_0_4099_5_0.00009765625_0_2_84_3
403 1136 160 2096 272 0 119_64_0_4099_5_0.00009765625_0_2_119_3
403 1136 80 2096 176 0 102_64_0_4099_5_0.00009765625_0_2_102_3
w 912 352 912 528 0
186 432 320 512 320 0
38 0 3 1 1000 Frequency
